Matrix from file1.txt:
[[ 1  2  3  4  5]
 [ 7  8  9 10 11]
 [13 14 15 16 17]
 [19 20 21 22 23]
 [25 26 27 28 29]]
Matrix from file3.txt:
[[ 10 200  30  40  50]
 [ 70  80  90 100 110]
 [130 140 150 160 170]
 [190 200 210  22 230]
 [250 260 270  28 290]]
Product of M1 and M2:
[[ 2550  2880  2850   948  3150]
 [ 6450  8160  7350  3048  8250]
 [10350 13440 11850  5148 13350]
 [14250 18720 16350  7248 18450]
 [18150 24000 20850  9348 23550]]
Dot Product of M1 and M2:
[[ 2550  2880  2850   948  3150]
 [ 6450  8160  7350  3048  8250]
 [10350 13440 11850  5148 13350]
 [14250 18720 16350  7248 18450]
 [18150 24000 20850  9348 23550]]
Transposed M1:
[[ 1  7 13 19 25]
 [ 2  8 14 20 26]
 [ 3  9 15 21 27]
 [ 4 10 16 22 28]
 [ 5 11 17 23 29]]
Transposed M2:
[[ 10  70 130 190 250]
 [200  80 140 200 260]
 [ 30  90 150 210 270]
 [ 40 100 160  22  28]
 [ 50 110 170 230 290]]
Product of Transposed M1 and Transposed M2:
[[ 3810  6450 10350 10488 13362]
 [ 4140  6900 11100 11340 14460]
 [ 4470  7350 11850 12192 15558]
 [ 4800  7800 12600 13044 16656]
 [ 5130  8250 13350 13896 17754]]
Dot Product of Transposed M1 and Transposed M2:
[[ 3810  6450 10350 10488 13362]
 [ 4140  6900 11100 11340 14460]
 [ 4470  7350 11850 12192 15558]
 [ 4800  7800 12600 13044 16656]
 [ 5130  8250 13350 13896 17754]]
Quotient of M1 and M2
[[0.1 0.01 0.1 0.1 0.1]
 [0.1 0.1 0.1 0.1 0.1]
 [0.1 0.1 0.1 0.1 0.1]
 [0.1 0.1 0.1 1.0 0.1]
 [0.1 0.1 0.1 1.0 0.1]]
Matrix from file1.txt:
[[ 1  2  3  4]
 [ 7  8  9 10]
 [13 14 15 16]
 [19 20 21 22]]
Matrix from file2.txt:
[[ 10  20  30  40]
 [ 70  80  90 100]
 [130 140 150 160]
 [190 200   0  22]]
Product of M1 and M2:
[[1300 1400  660  808]
 [3700 4040 2280 2740]
 [6100 6680 3900 4672]
 [8500 9320 5520 6604]]
Dot Product of M1 and M2:
[[1300 1400  660  808]
 [3700 4040 2280 2740]
 [6100 6680 3900 4672]
 [8500 9320 5520 6604]]
Transposed M1:
[[ 1  7 13 19]
 [ 2  8 14 20]
 [ 3  9 15 21]
 [ 4 10 16 22]]
Transposed M2:
[[ 10  70 130 190]
 [ 20  80 140 200]
 [ 30  90 150   0]
 [ 40 100 160  22]]
Product of Transposed M1 and Transposed M2:
[[1300 3700 6100 2008]
 [1400 4040 6680 2420]
 [1500 4380 7260 2832]
 [1600 4720 7840 3244]]
Dot Product of Transposed M1 and Transposed M2:
[[1300 3700 6100 2008]
 [1400 4040 6680 2420]
 [1500 4380 7260 2832]
 [1600 4720 7840 3244]]
Quotient of M1 and M2
[[0.1 0.1 0.1 0.1]
 [0.1 0.1 0.1 0.1]
 [0.1 0.1 0.1 0.1]
 [0.1 0.1 'Undef' 1.0]]
